9223372036854775807 290 794 628 850 806 881 972 991 437 1237 1186 903 507 903 1178 1197 1201 1205 901 760 1032 943 1105 998 1011 1527 1338 1058 1205 1793 1337 1714 1740 1498 1852 1624 1858 
290 9223372036854775807 512 341 564 515 591 682 701 457 946 896 622 483 624 891 909 914 918 660 811 779 717 847 774 792 1253 1082 966 1045 1533 1192 1472 1496 1308 1598 1412 1649 
794 512 9223372036854775807 174 68 167 182 299 312 882 492 463 370 866 391 503 521 530 536 591 1200 621 678 651 721 748 923 851 1154 1095 1245 1251 1252 1266 1251 1331 1288 1514 
628 341 174 9223372036854775807 222 199 266 376 393 713 620 577 375 702 388 592 611 618 623 535 1040 603 617 652 668 693 992 875 1040 1021 1301 1177 1279 1298 1216 1379 1279 1511 
850 564 68 222 9223372036854775807 139 127 238 249 912 423 394 329 889 350 436 454 464 469 564 1219 580 650 603 690 717 857 795 1144 1068 1181 1223 1193 1207 1209 1268 1238 1462 
806 515 167 199 139 9223372036854775807 77 176 193 808 431 383 205 776 225 392 411 418 423 426 1099 455 513 488 555 582 796 697 1005 931 1109 1086 1100 1117 1084 1190 1124 1352 
881 591 182 266 127 77 9223372036854775807 119 133 881 356 311 206 847 229 331 351 358 364 451 1166 455 537 477 572 600 746 669 1047 953 1065 1107 1069 1084 1084 1150 1111 1335 
972 682 299 376 238 176 119 9223372036854775807 18 926 273 215 154 882 176 216 235 242 247 403 1185 374 484 381 510 537 626 558 1016 890 946 1040 954 968 994 1031 1008 1228 
991 701 312 393 249 193 133 18 9223372036854775807 943 255 196 165 898 186 199 218 226 231 411 1200 376 491 379 515 542 612 549 1024 894 933 1043 944 958 991 1019 1003 1221 
437 457 882 713 912 808 881 926 943 9223372036854775807 1195 1130 800 88 789 1087 1102 1102 1104 678 354 819 681 897 726 728 1340 1106 635 826 1551 940 1431 1461 1140 1591 1292 1515 
1237 946 492 620 423 431 356 273 255 1195 9223372036854775807 69 399 1147 415 158 159 169 172 610 1439 525 675 490 682 706 503 559 1214 1036 832 1172 899 904 1060 929 1024 1216 
1186 896 463 577 394 383 311 215 196 1130 69 9223372036854775807 332 1081 347 97 104 116 120 540 1370 457 606 426 614 638 488 513 1145 971 818 1109 870 877 1006 913 980 1179 
903 622 370 375 329 205 206 154 165 800 399 332 9223372036854775807 748 23 289 305 306 310 252 1041 251 335 283 367 395 633 500 862 748 929 901 904 922 881 1005 919 1148 
507 483 866 702 889 776 847 882 898 88 1147 1081 748 9223372036854775807 735 1031 1046 1045 1047 607 338 747 603 824 647 647 1267 1029 554 738 1470 853 1347 1377 1052 1508 1204 1427 
903 624 391 388 350 225 229 176 186 789 415 347 23 735 9223372036854775807 298 314 314 317 229 1024 230 312 266 344 371 628 486 839 725 921 878 890 909 860 995 901 1130 
1178 891 503 592 436 392 331 216 199 1087 158 97 289 1031 298 9223372036854775807 19 27 33 466 1308 369 524 331 527 551 422 418 1060 878 750 1014 786 795 908 840 885 1087 
1197 909 521 611 454 411 351 235 218 1102 159 104 305 1046 314 19 9223372036854775807 11 16 475 1320 375 531 333 533 555 404 408 1066 879 733 1013 772 780 903 824 876 1076 
1201 914 530 618 464 418 358 242 226 1102 169 116 306 1045 314 27 11 9223372036854775807 5 471 1317 368 526 325 526 548 394 397 1059 870 722 1003 760 769 891 813 864 1064 
1205 918 536 623 469 423 364 247 231 1104 172 120 310 1047 317 33 16 5 9223372036854775807 472 1318 368 526 323 525 548 389 393 1058 868 717 1001 755 764 888 808 860 1059 
901 660 591 535 564 426 451 403 411 678 610 540 252 607 229 466 475 471 472 9223372036854775807 850 141 86 219 132 158 662 441 613 504 896 660 814 839 682 951 760 996 
760 811 1200 1040 1219 1099 1166 1185 1200 354 1439 1370 1041 338 1024 1308 1320 1317 1318 850 9223372036854775807 978 817 1050 844 834 1475 1217 496 774 1623 835 1467 1500 1094 1641 1273 1468 
1032 779 621 603 580 455 455 374 376 819 525 457 251 747 230 369 375 368 368 141 978 9223372036854775807 163 77 158 181 521 306 690 521 761 668 694 717 630 821 675 907 
943 717 678 617 650 513 537 484 491 681 675 606 335 603 312 524 531 526 526 86 817 163 9223372036854775807 232 56 77 667 425 539 417 872 573 772 800 605 919 695 931 
1105 847 651 652 603 488 477 381 379 897 490 426 283 824 266 331 333 325 323 219 1050 77 232 9223372036854775807 214 232 443 235 741 546 688 684 632 653 612 751 636 864 
998 774 721 668 690 555 572 510 515 726 682 614 367 647 344 527 533 526 525 132 844 158 56 214 9223372036854775807 27 632 383 532 381 824 534 719 746 551 868 638 875 
1011 792 748 693 717 582 600 537 542 728 706 638 395 647 371 551 555 548 548 158 834 181 77 232 27 9223372036854775807 640 386 510 353 822 506 710 738 528 863 620 857 
1527 1253 923 992 857 796 746 626 612 1340 503 488 633 1267 628 422 404 394 389 662 1475 521 667 443 632 640 9223372036854775807 264 1099 834 330 921 415 412 709 425 605 752 
1338 1082 851 875 795 697 669 558 549 1106 559 513 500 1029 486 418 408 397 393 441 1217 306 425 235 383 386 264 9223372036854775807 834 576 455 676 404 422 508 516 467 674 
1058 966 1154 1040 1144 1005 1047 1016 1024 635 1214 1145 862 554 839 1060 1066 1059 1058 613 496 690 539 741 532 510 1099 834 9223372036854775807 296 1182 339 1005 1039 604 1185 788 974 
1205 1045 1095 1021 1068 931 953 890 894 826 1036 971 748 738 725 878 879 870 868 504 774 521 417 546 381 353 834 576 296 9223372036854775807 888 156 709 743 323 889 498 701 
1793 1533 1245 1301 1181 1109 1065 946 933 1551 832 818 929 1470 921 750 733 722 717 896 1623 761 872 688 824 822 330 455 1182 888 9223372036854775807 922 210 183 649 101 479 523 
1337 1192 1251 1177 1223 1086 1107 1040 1043 940 1172 1109 901 853 878 1014 1013 1003 1001 660 835 668 573 684 534 506 921 676 339 156 922 9223372036854775807 725 758 287 905 477 640 
1714 1472 1252 1279 1193 1100 1069 954 944 1431 899 870 904 1347 890 786 772 760 755 814 1467 694 772 632 719 710 415 404 1005 709 210 725 9223372036854775807 33 445 180 269 342 
1740 1496 1266 1298 1207 1117 1084 968 958 1461 904 877 922 1377 909 795 780 769 764 839 1500 717 800 653 746 738 412 422 1039 743 183 758 33 9223372036854775807 477 147 299 354 
1498 1308 1251 1216 1209 1084 1084 994 991 1140 1060 1006 881 1052 860 908 903 891 888 682 1094 630 605 612 551 528 709 508 604 323 649 287 445 477 9223372036854775807 623 190 377 
1852 1598 1331 1379 1268 1190 1150 1031 1019 1591 929 913 1005 1508 995 840 824 813 808 951 1641 821 919 751 868 863 425 516 1185 889 101 905 180 147 623 9223372036854775807 440 444 
1624 1412 1288 1279 1238 1124 1111 1008 1003 1292 1024 980 919 1204 901 885 876 864 860 760 1273 675 695 636 638 620 605 467 788 498 479 477 269 299 190 440 9223372036854775807 236 
1858 1649 1514 1511 1462 1352 1335 1228 1221 1515 1216 1179 1148 1427 1130 1087 1076 1064 1059 996 1468 907 931 864 875 857 752 674 974 701 523 640 342 354 377 444 236 9223372036854775807 

