9223372036854775807 74 4109 3047 2266 973 4190 3301 4757 3044 3094 3986 5092 6406 5903 8436 6962 6693 6575 8009 7398 7266 7424 9639 9229 8320 9300 8102 7798 
74 9223372036854775807 4069 2999 2213 900 4137 3238 4701 2969 3020 3913 5023 6336 5828 8368 6889 6619 6501 7937 7324 7191 7350 9570 9159 8247 9230 8028 7724 
4109 4069 9223372036854775807 1172 1972 3496 891 1814 1415 3672 3777 2995 2876 3903 5055 5441 4989 5150 5315 5594 5726 5809 5856 6674 6464 6060 6521 6164 6162 
3047 2999 1172 9223372036854775807 816 2350 1172 994 1796 2648 2755 2315 2719 3972 4546 5801 4883 4886 4959 5695 5536 5544 5633 7044 6739 6110 6804 6090 5975 
2266 2213 1972 816 9223372036854775807 1533 1923 1188 2497 2208 2311 2324 3087 4400 4557 6341 5174 5070 5074 6093 5754 5710 5826 7572 7220 6470 7288 6373 6186 
973 900 3496 2350 1533 9223372036854775807 3416 2409 3935 2113 2175 3013 4141 5448 4954 7490 5989 5724 5614 7039 6428 6302 6458 8685 8266 7347 8338 7130 6831 
4190 4137 891 1172 1923 3416 9223372036854775807 1233 650 3086 3184 2202 1986 3063 4179 4733 4116 4260 4425 4775 4843 4920 4970 5976 5718 5227 5779 5300 5281 
3301 3238 1814 994 1188 2409 1233 9223372036854775807 1586 1876 1978 1320 1899 3213 3555 5175 4005 3946 3992 4906 4614 4598 4700 6399 6036 5287 6105 5208 5051 
4757 4701 1415 1796 2497 3935 650 1586 9223372036854775807 3285 3373 2177 1576 2490 3883 4088 3600 3817 4029 4179 4355 4467 4496 5330 5083 4644 5143 4760 4787 
3044 2969 3672 2648 2208 2113 3086 1876 3285 9223372036854775807 106 1359 2673 3821 2863 5889 4089 3722 3559 5216 4421 4255 4427 7000 6513 5454 6587 5156 4801 
3094 3020 3777 2755 2311 2175 3184 1978 3373 106 9223372036854775807 1411 2723 3850 2824 5914 4086 3704 3530 5221 4400 4227 4402 7016 6523 5450 6597 5140 4775 
3986 3913 2995 2315 2324 3013 2202 1320 2177 1359 1411 9223372036854775807 1314 2510 2250 4583 2980 2777 2752 4030 3474 3401 3530 5733 5281 4334 5354 4141 3896 
5092 5023 2876 2719 3087 4141 1986 1899 1576 2673 2723 1314 9223372036854775807 1321 2330 3350 2171 2274 2457 3007 2866 2934 2987 4546 4152 3399 4222 3375 3305 
6406 6336 3903 3972 4400 5448 3063 3213 2490 3821 3850 2510 1321 9223372036854775807 2350 2073 1202 1669 2040 1724 1998 2212 2172 3237 2830 2164 2900 2284 2396 
5903 5828 5055 4546 4557 4954 4179 3555 3883 2863 2824 2250 2330 2350 9223372036854775807 3950 1739 1108 772 2879 1701 1449 1649 4779 4196 2930 4269 2469 2009 
8436 8368 5441 5801 6341 7490 4733 5175 4088 5889 5914 4583 3350 2073 3950 9223372036854775807 2220 2897 3324 1274 2650 3017 2836 1243 1087 1641 1129 2251 2772 
6962 6889 4989 4883 5174 5989 4116 4005 3600 4089 4086 2980 2171 1202 1739 2220 9223372036854775807 683 1115 1173 795 1040 973 3063 2503 1367 2578 1207 1200 
6693 6619 5150 4886 5070 5724 4260 3946 3817 3722 3704 2777 2274 1669 1108 2897 683 9223372036854775807 432 1775 704 663 756 3673 3088 1833 3161 1437 1119 
6575 6501 5315 4959 5074 5614 4425 3992 4029 3559 3530 2752 2457 2040 772 3324 1115 432 9223372036854775807 2174 929 697 884 4063 3467 2176 3539 1697 1252 
8009 7937 5594 5695 6093 7039 4775 4906 4179 5216 5221 4030 3007 1724 2879 1274 1173 1775 2174 9223372036854775807 1399 1770 1577 1900 1330 509 1405 1001 1498 
7398 7324 5726 5536 5754 6428 4843 4614 4355 4421 4400 3474 2866 1998 1701 2650 795 704 929 1399 9223372036854775807 370 197 3221 2610 1285 2679 768 440 
7266 7191 5809 5544 5710 6302 4920 4598 4467 4255 4227 3401 2934 2212 1449 3017 1040 663 697 1770 370 9223372036854775807 220 3583 2969 1638 3037 1070 560 
7424 7350 5856 5633 5826 6458 4970 4700 4496 4427 4402 3530 2987 2172 1649 2836 973 756 884 1577 197 220 9223372036854775807 3370 2754 1422 2822 850 374 
9639 9570 6674 7044 7572 8685 5976 6399 5330 7000 7016 5733 4546 3237 4779 1243 3063 3673 4063 1900 3221 3583 3370 9223372036854775807 620 1951 559 2580 3172 
9229 9159 6464 6739 7220 8266 5718 6036 5083 6513 6523 5281 4152 2830 4196 1087 2503 3088 3467 1330 2610 2969 2754 620 9223372036854775807 1333 74 1960 2552 
8320 8247 6060 6110 6470 7347 5227 5287 4644 5454 5450 4334 3399 2164 2930 1641 1367 1833 2176 509 1285 1638 1422 1951 1333 9223372036854775807 1400 648 1230 
9300 9230 6521 6804 7288 8338 5779 6105 5143 6587 6597 5354 4222 2900 4269 1129 2578 3161 3539 1405 2679 3037 2822 559 74 1400 9223372036854775807 2023 2616 
8102 8028 6164 6090 6373 7130 5300 5208 4760 5156 5140 4141 3375 2284 2469 2251 1207 1437 1697 1001 768 1070 850 2580 1960 648 2023 9223372036854775807 592 
7798 7724 6162 5975 6186 6831 5281 5051 4787 4801 4775 3896 3305 2396 2009 2772 1200 1119 1252 1498 440 560 374 3172 2552 1230 2616 592 9223372036854775807 

